        1.034826
      187.394600      200.653100    6.660774E+08      871.987400
      614.384900
    1.093651E+16    3.850029E+15
    32490.460000    87490.470000    21508.230000    15987.720000
     1229.574000      169.962600
    3.162023E-01        2.677535       43.076080      583.528700
     4616.859000    26364.070000    86853.790000   575485.500000
  1648546.000000  2919882.000000    1.509945E+08
  5454171.000000  2727056.000000  2727115.000000
      555.779300      580.357600      603.652800      625.448700
      625.450500      625.450100      625.449700      622.993200
      614.756200      585.118700      563.885100      549.673000
      530.137400      530.106100      530.105500      530.103700
      530.101400      530.102700      530.138300      549.673800
      563.885900      585.119400      614.756800      622.993200
      625.449500      625.449300
      625.448700      530.103700
     2050.571000     2050.169000
    0.000000E+00      150.796000      137.321600      219.898400
       50.265480        5.731926
    0.000000E+00    1.919606E-04    2.002516E-04    9.999539E-01
       37.089870       38.636350       38.636350       38.636350
      690.228100      668.268900      668.268900      668.268900
        6.438500        5.509232        5.509232        5.509232
     1052.738000     1065.606000     1065.606000     1065.606000
       37.089870       38.629990       38.629720        5.510758
    25600.470000    25815.640000    25815.480000     5871.592000
    0.000000E+00    0.000000E+00       29.353230    2.425722E-01
    0.000000E+00
    0.000000E+00    0.000000E+00    0.000000E+00    0.000000E+00
    0.000000E+00     5825.249000     5304.694000     1211.807000
    0.000000E+00  3892895.000000  3545022.000000  1291154.000000
    61836.520000    2.886675E-43    0.000000E+00      416.555600
    0.000000E+00    0.000000E+00
      575.089700     1248.153000
      580.116100     1252.333000
      584.676400     1256.063000
      588.820100     1259.404000
      592.535700     1262.363000
      595.910900     1265.023000
      598.882000     1267.342000
      601.635400     1269.474000
      603.988800     1271.283000
      606.123000     1272.914000
      521.828200     1175.449000
      521.828200     1192.752000
      524.862500     1200.851000
      532.450300     1208.855000
      539.695600     1216.143000
      546.563900     1222.779000
      552.993800     1228.782000
      558.982000     1234.211000
      564.504600     1239.093000
      569.591600     1243.493000
      521.828200      854.837800
      521.828200      889.258700
      521.828200      923.661200
      521.828200      958.043900
      521.828200      992.409300
      521.828200     1030.648000
      521.828200     1060.479000
      521.828200     1090.321000
      521.828200     1119.016000
      521.828200     1145.073000
      521.828200      622.047700
      521.828200      644.164200
      521.828200      666.239200
      521.828200      688.288800
      521.828200      710.325100
      521.828200      732.352700
      521.828200      754.373900
      521.828200      776.389700
      521.828200      798.398900
      521.828200      820.402600
      486.099500      472.466700
      498.913300      487.256000
      511.188300      501.615800
      521.828200      515.653200
      521.828200      529.714300
      521.828200      543.762800
      521.828200      557.803600
      521.828200      571.838400
      521.828200      585.867400
      521.828200      599.890800
      324.728300      297.637700
      351.613600      325.708800
      375.151300      350.556700
      395.666200      372.449900
      413.490600      391.673500
      428.947200      408.513100
      442.336400      423.241200
      453.929200      436.109200
      463.966600      447.345100
      472.659000      457.151700
      324.728300      297.637700
      351.613600      325.708800
      375.151300      350.556700
      395.666200      372.449900
      413.490600      391.673500
      428.947200      408.513100
      442.336400      423.241200
      453.929200      436.109200
      463.966600      447.345100
      472.659000      457.151700
      486.099500      472.466700
      498.913300      487.256000
      511.188300      501.615800
      521.828200      515.653200
      521.828200      529.714300
      521.828200      543.762800
      521.828200      557.803600
      521.828200      571.838400
      521.828200      585.867400
      521.828200      599.890800
      521.828200      622.047700
      521.828200      644.164200
      521.828200      666.239200
      521.828200      688.288800
      521.828200      710.325100
      521.828200      732.352700
      521.828200      754.373900
      521.828200      776.389700
      521.828200      798.398900
      521.828200      820.402600
      521.828200      854.837800
      521.828200      889.258700
      521.828200      923.661200
      521.828200      958.043900
      521.828200      992.409300
      521.828200     1030.648000
      521.828200     1060.479000
      521.828200     1090.321000
      521.828200     1119.016000
      521.828200     1145.073000
      521.828200     1175.449000
      521.828200     1192.752000
      524.862500     1200.851000
      532.450300     1208.855000
      539.695600     1216.143000
      546.563900     1222.779000
      552.993800     1228.782000
      558.982000     1234.211000
      564.504600     1239.093000
      569.591600     1243.493000
      575.089700     1248.153000
      580.116100     1252.333000
      584.676400     1256.063000
      588.820100     1259.404000
      592.535700     1262.363000
      595.910900     1265.023000
      598.882000     1267.342000
      601.635400     1269.474000
      603.988800     1271.283000
      606.123000     1272.914000
       15.788530       15.788530
      572.275700      572.275700
      114.000000
      114.000000
      114.000000
      110.881300
       34.761810      466.624600      501.386400
       34.761810      466.624600      501.386400
      200.821000       38.250000       44.955460      824.995300
       88.306300      824.594100
       .28663820E+00               .82499530E+03               .16769400E+05               .29495190E+03               .00000000E+00               .56854680E+02
       .29153740E+00               .82499530E+03               .18055480E+05               .32297740E+03               .00000000E+00               .55903230E+02
       .29632740E+00               .82499530E+03               .19129380E+05               .34778060E+03               .00000000E+00               .55004170E+02
       .30092840E+00               .82499530E+03               .20022020E+05               .36963090E+03               .00000000E+00               .54167600E+02
       .30528510E+00               .82499530E+03               .20762110E+05               .38881390E+03               .00000000E+00               .53398590E+02
       .30936260E+00               .82499530E+03               .21375290E+05               .40561550E+03               .00000000E+00               .52698400E+02
       .31314200E+00               .82499530E+03               .21883620E+05               .42030840E+03               .00000000E+00               .52065630E+02
       .31661700E+00               .82499530E+03               .22305690E+05               .43314400E+03               .00000000E+00               .51497170E+02
       .31979000E+00               .82499530E+03               .22656930E+05               .44435040E+03               .00000000E+00               .50988890E+02
       .32266980E+00               .82499530E+03               .22950000E+05               .45413010E+03               .00000000E+00               .50536170E+02
       .32739870E+00               .82499530E+03               .23381890E+05               .46940130E+03               .00000000E+00               .49812160E+02
       .33224260E+00               .82499530E+03               .23768310E+05               .48414560E+03               .00000000E+00               .49093310E+02
       .33721700E+00               .82499530E+03               .24113860E+05               .49845940E+03               .00000000E+00               .48376770E+02
       .35572560E+00               .82499530E+03               .23574220E+05               .36611930E-01               .36611930E-01               .46053510E+02
       .43346230E+00               .82499530E+03               .19584870E+05               .21520140E+00               .21520140E+00               .37857860E+02
       .51524140E+00               .82499530E+03               .16675700E+05               .34543470E+00               .34543470E+00               .31881330E+02
       .59695570E+00               .82499530E+03               .14559990E+05               .44014780E+00               .44014780E+00               .27534850E+02
       .67861430E+00               .82499530E+03               .12952240E+05               .51212160E+00               .51212160E+00               .24231900E+02
       .76023890E+00               .82499530E+03               .11689170E+05               .56866460E+00               .56866460E+00               .21637090E+02
       .84182330E+00               .82499530E+03               .10670740E+05               .61425650E+00               .61425650E+00               .19544830E+02
       .97780130E+00               .82499530E+03               .93494440E+04               .67340620E+00               .67340620E+00               .16830390E+02
       .11240420E+01               .82499530E+03               .82855780E+04               .72103180E+00               .72103180E+00               .14644810E+02
       .12697790E+01               .82499530E+03               .74695790E+04               .75756130E+00               .75756130E+00               .12968430E+02
       .14158210E+01               .82499530E+03               .68201290E+04               .78663490E+00               .78663490E+00               .11634210E+02
       .15634220E+01               .82499530E+03               .62866860E+04               .81051530E+00               .81051530E+00               .10538320E+02
       .17140060E+01               .82499530E+03               .58368300E+04               .83065380E+00               .83065380E+00               .96141410E+01
       .18691700E+01               .82499530E+03               .54488070E+04               .84802430E+00               .84802430E+00               .88169950E+01
       .20190940E+01               .82499530E+03               .51304450E+04               .86227630E+00               .86227630E+00               .81629570E+01
       .21720900E+01               .82499530E+03               .48507640E+04               .87479660E+00               .87479660E+00               .75883850E+01
       .23304000E+01               .82499530E+03               .45999590E+04               .88602430E+00               .88602430E+00               .70731370E+01
       .26821010E+01               .82499530E+03               .41486630E+04               .90622730E+00               .90622730E+00               .61460010E+01
       .39108520E+01               .82499530E+03               .32087820E+04               .94830250E+00               .94830250E+00               .42151270E+01
       .48511490E+01               .82499530E+03               .28111100E+04               .96610490E+00               .96610490E+00               .33981570E+01
       .55755840E+01               .82499530E+03               .25962060E+04               .97572540E+00               .97572540E+00               .29566620E+01
       .61863470E+01               .82499530E+03               .24541280E+04               .98208580E+00               .98208580E+00               .26647790E+01
       .67865130E+01               .82499530E+03               .23394230E+04               .98722070E+00               .98722070E+00               .24291320E+01
       .72155830E+01               .82499530E+03               .22691150E+04               .99036820E+00               .99036820E+00               .22846910E+01
       .76197660E+01               .82499530E+03               .22101330E+04               .99300860E+00               .99300860E+00               .21635200E+01
       .79898290E+01               .82499530E+03               .21613620E+04               .99519190E+00               .99519190E+00               .20633260E+01
       .83130250E+01               .82499530E+03               .21223240E+04               .99693950E+00               .99693950E+00               .19831270E+01
       .86768670E+01               .82499530E+03               .20818480E+04               .99875150E+00               .99875150E+00               .18999750E+01
       .88787150E+01               .82499530E+03               .20608200E+04               .99969290E+00               .99969290E+00               .18567730E+01
       .90268600E+01               .82499530E+03               .20404330E+04               .11172400E+04               .10000000E+01               .18263150E+01
       .92198130E+01               .82499530E+03               .20087750E+04               .11234550E+04               .10000000E+01               .17880340E+01
       .93960140E+01               .82499530E+03               .19810270E+04               .11291110E+04               .10000000E+01               .17545020E+01
       .95563460E+01               .82499530E+03               .19566060E+04               .11342590E+04               .10000000E+01               .17250090E+01
       .97016840E+01               .82499530E+03               .19351760E+04               .11389140E+04               .10000000E+01               .16991410E+01
       .98331010E+01               .82499530E+03               .19163120E+04               .11431230E+04               .10000000E+01               .16763830E+01
       .99515440E+01               .82499530E+03               .18997520E+04               .11469070E+04               .10000000E+01               .16564140E+01
       .10058140E+02               .82499530E+03               .18851420E+04               .11503160E+04               .10000000E+01               .16388030E+01
       .10171390E+02               .82499530E+03               .18699860E+04               .11539260E+04               .10000000E+01               .16205410E+01
       .10272820E+02               .82499530E+03               .18566610E+04               .11571630E+04               .10000000E+01               .16044930E+01
       .10363470E+02               .82499530E+03               .18449770E+04               .11600520E+04               .10000000E+01               .15904270E+01
       .10444410E+02               .82499530E+03               .18346740E+04               .11626390E+04               .10000000E+01               .15780260E+01
       .10516530E+02               .82499530E+03               .18256750E+04               .11649290E+04               .10000000E+01               .15671980E+01
       .10580780E+02               .82499530E+03               .18176860E+04               .11669880E+04               .10000000E+01               .15575880E+01
       .10637860E+02               .82499530E+03               .18107940E+04               .11687820E+04               .10000000E+01               .15493000E+01
       .10688660E+02               .82499530E+03               .18045190E+04               .11704320E+04               .10000000E+01               .15417540E+01
       .10733730E+02               .82499530E+03               .17992390E+04               .11718320E+04               .10000000E+01               .15354070E+01
       .10773420E+02               .82499530E+03               .17945140E+04               .11730930E+04               .10000000E+01               .15297290E+01
    84245.710000    84245.710000    72070.910000    85197.080000
    -1766.275000
     3139.311000    7.162148E-01    0.000000E+00
    0.000000E+00    0.000000E+00    0.000000E+00    0.000000E+00
      294.190900
    5.412964E-01    5.412964E-01    5.412964E-01    5.412964E-01
     1016.311000     1013.279000     1004.215000      989.211100
      968.420700      942.055100      910.380900      873.716000
      832.425000      786.913500      737.621600      633.451500
      626.820700      620.472900      614.384900      780.000000
      780.000000      780.000000      780.000000      780.000000
      780.000000      780.000000      780.000000      780.000000
      780.000000      780.000000      780.000000      780.000000
      780.000000      780.000000      780.000000      780.000000
      780.000000      780.000000      780.000000      780.000000
      780.000000      780.000000      780.000000      780.000000
      780.000000      780.000000      780.000000      780.000000
      780.000000      780.000000      780.000000      780.000000
      780.000000      780.000000
     1798.542000     1788.301000     1757.786000     1707.623000
     1638.854000     1552.941000     1451.738000     1337.453000
     1212.577000     1079.791000      941.855000      691.846300
      675.932400      660.697700      646.086300      780.000000
      780.000000      780.000000      780.000000      780.000000
      780.000000      780.000000      780.000000      780.000000
      780.000000      780.000000      780.000000      780.000000
      780.000000      780.000000      780.000000      780.000000
      780.000000      780.000000      780.000000      780.000000
      780.000000      780.000000      780.000000      780.000000
      780.000000      780.000000      780.000000      780.000000
      780.000000      780.000000      780.000000      780.000000
      780.000000      780.000000
      521.139300      521.462800      521.901100      522.453600
      523.119800      523.898900      524.789900      525.792100
      526.903900      528.124500      529.452100      530.885500
      532.422900      534.062600      535.802700      537.641300
      539.576200      541.605300      543.726200      545.936600
      548.233900      550.615400      553.078600      555.620400
      558.238200      560.929000      563.689500      566.516800
      569.407600      572.358600      575.366500      578.427700
      581.539000      584.696700      587.897200      591.136800
      594.412000      597.718900      601.054000      604.413300
      607.793000      611.189400      614.598500      618.016500
      621.439600      624.863900      628.285400      631.700300
      635.104900      638.495100      641.867200      645.217400
      648.541900      651.837000      655.099000      658.324200
      661.508900      664.649700      667.743000      669.995700
      672.014900      673.980100      675.890100      677.744000
      679.540600      681.279200      682.958900      684.578900
      686.138400      687.636700      689.073100      690.447100
      691.758200      693.005800      694.189500      695.308800
      696.363200      697.352600      698.276400      699.134500
      699.926600      700.652400      701.311600      701.904100
      702.429700      702.888300      703.279800      703.604100
      703.860800      704.050200      704.172100      596.250400
      596.755900      597.257300      597.754300      598.246700
      598.734300      599.216900      599.694300      600.166300
      600.632600      601.093100      601.547700      601.996000
      602.437900      602.873300      603.301900      603.723500
      604.138000      604.545200      604.944900      605.337000
      605.721300      606.097600      606.465800      606.825600
      607.177000      607.519800      607.853900      608.179100
      608.495200      608.802200      609.100000      609.388200
      609.667000      609.936100      610.195400      610.444900
      610.684300      610.913700      611.132900      611.341800
      611.540300      611.728500      611.906000      612.072900
      612.229200      612.374700      612.509400      612.633200
      612.746200      612.848100      612.939100      613.019000
      613.087800      613.145600      613.192100      613.227500
      613.251800      613.264800
        3.396706
    0.000000E+00    0.000000E+00    0.000000E+00    0.000000E+00
    0.000000E+00    0.000000E+00        5.330905    1.536664E-02
     1045.284000    7.100000E-01
           0           0           0           0
    0.000000E+00    0.000000E+00    0.000000E+00    0.000000E+00
           0           0
