4.,3.,4.,11.44,1.,1.,1
252.,202.,20.
2050.,2025.,2035.,2065.
2100.
4
1.,0.005,2230.
1.,0.005,2245.
1.,0.005,2260.
1.,0.005,2275.
39.1,2.,0.25,2.,49.
1.5,139.
825.,2.663e5,180.,64.71,436.,8.,25.92,0.71
2,881,26.4,0.3435,0.2615,0.824,16.5,1.436,0.
414.,0.55452,6.85563e-3,-2.402217e-5
8,10548.,66.0,1775.,1400.
2,4980.,2045.,5210.
1.39224483,-0.0976446,-0.0998315,-0.2246929
3,4980.,735.,3560.
1.39224483,-0.0976446,-0.0998315,-0.2246929
3,4980.,470.,1180.
1.39224483,-0.0976446,-0.0998315,-0.2246929
920.